10 -1 0.0001
20,50,100,200,300,400,500 - 3 0.0001
600,800,1000,2000 -5  0.0001
4000,5000 -10 0.1


Range(n)    Threads
<20         1
21-500      3
501-1000    5
>1000       10

Decided the number of threads based on my PC.

(n,time)        iterations  Threads
(10,0)          -331        1
(20,5)          -878        3
(50,88)         -2897       3
(100,550)       -5505       3
(200,1230)      -3034       3
(500,12890)     -4458       3
(800,41200)     -6008       5
(1000,58000)    -5554       5
(2000,201530)   -5511       10